x <- 5
y <- 16
x+y
# Ans -> 21
x-y
# Ans -> -11
x*y
# Ans -> 80
y/x
# Ans -> 3.2
y%/%x
# Ans -> 3
y%%x
# Ans -> 1
y^x
# Ans -> 1048576
